30 2
1 1.0824386 -1.4240142
15 -2.8741448 -2.2506125
14 -2.9020286 -2.2837822
7 1.0933698 -1.4171056
13 -2.8635793 -2.2781014
3 1.1073179 -1.4102911
16 -2.6898227 -2.131986
21 1.2017412 -1.3662676
5 1.0400587 -1.3881867
2 1.0824791 -1.4117013
6 1.065013 -1.394749
0 1.1131289 -1.4015136
8 1.1396401 -1.3429006
4 1.1179607 -1.3341914
20 4.8678484 -4.2884727
9 5.1115746 -4.5016727
17 -3.1337478 -2.542535
12 -3.154518 -2.5507805
22 1.1257169 -1.4062117
10 -1.7564206 -2.2417872
19 -1.7557015 -2.2570434
11 -3.2272182 -3.0497134
18 -3.3317037 -3.0028327
27 1.0968347 -1.3697087
23 1.1690887 -1.3737161
26 1.014801 -1.3927152
29 0.99152833 -1.3778031
25 1.0446682 -1.3700616
28 1.072943 -1.3736727
24 1.0682502 -1.4206128
