30 2
7 0.5630662 -2.3065372
8 0.66749114 -2.38793
0 0.56808 -2.2864766
3 0.6343213 -2.3342972
21 0.61175734 -2.333809
6 0.60205615 -2.3234596
4 0.55805355 -2.299307
1 0.5551425 -2.3587694
5 0.6167557 -2.3607576
2 0.5701373 -2.3076646
16 -4.0931096 -0.67671067
13 -4.1725693 -0.7018334
15 -3.8623137 -0.71856016
14 -3.7492087 -0.7495059
9 -0.23206154 -1.109148
20 -0.3144146 -1.0761943
17 -4.764553 -0.9354075
12 -4.953967 -0.8999774
22 0.64254034 -2.4104369
18 -1.9754032 -0.28129625
11 -1.947064 -0.24549781
19 -1.4413353 -0.7996239
10 -1.4292564 -0.7616911
26 0.638259 -2.3851254
25 0.6403821 -2.3979182
23 0.56032515 -2.3329644
24 0.6290567 -2.3504786
27 0.5948542 -2.370366
29 0.62104684 -2.371501
28 0.58523256 -2.3841844
