30 2
0 1.5767719 -1.6671051
3 1.5483047 -1.6474421
2 1.5924131 -1.6553133
8 1.5880104 -1.6616708
4 1.6259117 -1.6908889
6 1.6249515 -1.6451393
21 1.5953583 -1.6245538
1 1.621865 -1.6727862
5 1.6362045 -1.6365359
13 -3.615056 -3.1976688
16 -3.6315725 -3.1514683
14 -3.5847194 -3.0294518
15 -3.5051153 -2.9976978
7 1.5925796 -1.6247066
20 1.8272431 -2.400501
9 1.75854 -2.3749518
22 1.5722989 -1.6251208
17 -2.342016 -1.7613629
12 -2.3398204 -1.7702928
18 -2.7627223 -2.6082225
11 -2.9232726 -2.748803
10 -1.4213586 -1.9858853
19 -1.3484563 -1.9404576
28 1.6384803 -1.6383084
25 1.5958823 -1.6056
29 1.6112608 -1.6226746
26 1.6138685 -1.6475153
23 1.6358113 -1.6581436
27 1.5760075 -1.6163889
24 1.506712 -1.5423023
